8821
  96
3750
5924
1565
1970
9649
 619
4449
5987
6600
6573
3553
2397
4005
   5
4787
5637
9353
8904
6554
8352
8896
2934
5118
 778
3559
9540
7973
3074
7716
4384
3398
 489
8068
4048
2741
 146
 211
6927
2031
7218
4019
2969
3867
 748
2749
5823
9638
1489
9070
5534
1825
4998
5733
9355
3694
1183
3755
3503
7343
3041
7841
5456
1220
6689
2473
4257
8927
5583
7781
4665
4380
6813
1394
1416
7942
 470
2043
7187
8760
4823
5630
8861
  46
8482
8789
4235
9749
7571
4789
5071
3050
1761
7743
3385
1590
6526
3618
4141
4598
4054
4083
3710
 871
  72
5994
5141
8929
3338
2205
6991
7553
3688
5156
9400
9105
5794
7106
5889
5067
6872
2486
7436
4584
3915
4133
6637
3642
2392
 372
3014
8362
9337
9365
8675
9628
6593
 437
5781
7243
3778
5393
6169
4234
1067
8527
1465
3368
2417
2626
9488
9808
4365
1074
3854
3065
9703
7450
1506
7846
7905
3009
9152
5369
7969
2266
4198
4492
6831
2289
2950
1137
2119
7686
8822
2017
6363
6116
6339
5298
9832
4273
3039
9253
6863
9198
2661
7326
9307
8636
9977
8064
9599
5986
8972
1938
9639
3704
 634
9705
9519
 404
2053
7672
   8
4954
 946
6705
 252
9830
1331
8664
3080
5148
9697
3147
3345
5331
6622
 887
7954
9829
9182
3477
3639
7888
3135
 694
2304
6113
1824
3587
 199
6351
2970
4912
3280
3433
2343
9604
5628
2291
4237
4666
5506
3586
8718
2325
9060
 951
3312
4461
5115
8248
4722
1034
3901
7485
1224
5120
8574
9569
8210
 856
 877
6247
6701
7554
4097
1106
3819
8524
8462
3523
5351
4693
6293
5917
 921
 247
1756
7016
1173
4986
3777
6156
8561
 449
2664
5480
8898
1901
1081
8449
2932
5368
2942
4888
 770
2798
6436
5913
4459
6098
 900
2610
4430
7593
2708
 288
3821
6417
 444
8396
3905
1853
5940
1920
 422
9855
5564
5989
 107
7752
2875
9663
5136
 862
3491
7746
3681
4035
2870
1298
 209
4325
4752
1473
4240
 623
 714
2828
3334
5708
4172
4608
5796
5216
 777
4790
4183
3856
1076
3535
6646
2163
4845
9295
2437
5468
7824
7180
9426
3958
1613
4578
 157
 593
1899
6906
2052
3789
4570
6031
6239
9591
1653
8512
5632
 595
9345
8463
6387
1619
1059
1726
2621
9669
1058
7103
7583
5597
5261
3670
1729
7868
9925
3384
3429
1847
7658
4861
3828
8196
 923
 897
3567
3906
9178
5417
6564
 863
7675
7448
2946
2911
8477
6519
7360
 558
1263
9047
 416
7265
8286
3613
2908
 885
3795
 229
7576
2987
3252
1357
7389
1641
3583
3051
6879
1708
2713
9372
8185
2848
3959
2332
6748
 693
2329
 880
1864
1882
4817
 591
9141
8314
6121
8112
8005
9882
7932
 248
5625
5478
 406
3207
5429
5783
7966
9279
7361
6297
3636
6427
8632
5301
2433
7930
 454
4846
5868
7897
6629
2337
4884
8204
3952
3707
4078
2532
9363
4834
7379
5347
7100
3965
5752
2872
2094
2512
4685
6397
9015
3592
4031
 604
2727
9525
7816
   4
5266
8417
4635
3635
9546
3747
6389
8526
 126
1483
8897
4505
1240
 257
6706
6523
1066
8260
1927
6666
1144
7193
3137
9285
 572
9611
6905
5089
8345
2660
1379
9434
8989
2717
3533
 259
4786
3917
3397
3990
 764
2830
3011
7709
8258
6333
3984
5126
5713
 724
2637
7454
5158
1681
3082
 120
9111
4201
2909
9342
1714
4129
5348
3183
2259
2644
3907
7300
2663
3721
9835
4467
4969
2689
3570
9582
4342
7118
3162
 144
1478
3422
3304
7252
1110
8961
5895
4779
8370
5555
8745
3425
5933
4652
1801
8390
 613
6091
7523
2303
5318
4738
7347
 971
4767
3283
9061
6088
4120
8659
9056
 386
5927
8940
7264
9940
7929
7442
8697
 133
 925
9428
3048
7563
8000
6170
2527
4849
4987
9067
3859
9834
9696
4582
8812
1768
2580
3794
9033
9483
9593
8776
3839
7202
2404
9924
3812
 646
 531
6424
2121
8901
5433
1512
9720
3045
6639
2907
1928
8573
3654
8107
9965
8722
6249
5686
6535
4731
8797
4115
8712
1149
5263
8173
7076
8267
2493
4842
4504
1560
4109
2627
7167
7945
5204
5396
2662
3141
 297
2607
9714
7139
5755
1087
7922
5019
3462
3834
1341
1576
4603
2687
3212
 929
7885
 798
6498
2122
7365
6716
9453
7918
5856
7385
6173
 631
9247
6644
4509
5941
4099
4261
 309
5703
3501
6184
8658
6402
6115
6996
4221
1766
4187
 596
8418
4644
3313
4167
7000
6606
7511
6388
5683
4425
1267
9065
3508
 384
8247
5017
1755
2423
8960
6309
6985
5132
2171
8094
9919
5999
5268
6708
9388
9218
9228
3145
4881
3504
6306
4377
7211
8442
3782
9524
1441
 333
7994
2886
2600
3193
3341
4065
8002
5858
6591
3350
 773
6263
6986
7412
5580
8127
6695
4632
2290
2772
3416
 335
3810
4474
4396
5195
9598
 905
6489
8113
8053
2108
2667
8824
4350
5305
8245
5326
1594
8383
5826
2546
8392
7765
9356
5464
5516
5285
4529
2599
8895
8150
7744
5586
2269
2716
4629
1424
3228
7526
7761
3061
1791
5511
1486
8532
4249
  68
3963
4386
2922
6428
1003
4844
8944
8589
 712
5750
5490
9173
3693
7721
8503
6676
8922
7298
2608
9277
2338
6601
6755
 279
5661
5275
2659
8323
9862
8288
2980
9288
9634
2466
 934
8444
6990
7481
2095
2804
5719
4781
9315
5078
9897
3233
3728
5492
4360
2424
5967
 468
5836
1866
7276
2896
8338
4756
5099
9869
3068
9780
6955
9757
4919
9967
5252
4631
9791
5834
5431
3918
7552
1247
2148
5760
5594
8130
2399
3723
9485
8609
7749
9412
3178
 410
1953
9899
2133
6337
2172
9098
5670
7707
2145
8388
7874
5775
1668
7546
3301
 501
9185
9169
3475
4706
 722
1435
1403
6178
9492
1321
9665
 124
2843
 236
4610
4217
 832
7712
2180
4513
8211
6976
1642
3602
7839
2654
2026
4524
4561
5187
7906
8945
3985
7544
2249
  64
7457
7026
4103
6823
5758
7322
7504
9931
1638
4826
8371
8252
5466
4152
8947
7084
  82
6881
3510
 975
5804
9610
9487
9313
4983
1084
3862
2633
2775
9106
6390
3010
3485
7444
 446
9666
6762
6285
 682
6013
 989
5615
9932
1608
9486
3077
8666
7271
9066
8048
7577
1827
5442
8518
1204
3238
 630
4560
6284
1606
8469
2557
5489
1855
3887
5184
7559
 644
4143
3188
1471
3024
3873
9114
3120
5599
5558
 996
5689
4557
1213
4043
 502
2652
9913
2183
8285
6154
9455
2551
2588
2871
9512
8024
9423
6528
2441
6597
9618
9470
 956
5730
8411
4621
8424
9206
1447
6206
4879
5388
1433
1339
5932
9109
 461
 718
5841
7889
7549
8217
1919
3994
3235
6758
 269
 662
 231
4571
5251
8850
8168
 119
5104
6586
3431
5406
7975
2695
3888
6552
 368
2040
2586
3494
2489
 415
7547
5258
2792
1239
 820
 226
6968
4086
6687
3686
 575
9750
5806
7333
9790
2228
5671
4599
6977
8397
6423
3495
8601
2355
3623
1155
6688
8262
2063
6540
9686
4674
2585
7858
8846
8088
8320
1783
4376
1371
3673
8754
3756
7350
8887
1325
7689
4280
 275
6438
5618
9190
9744
8876
7769
1262
4321
5227
4636
 617
8484
 866
3389
2064
2617
8118
9761
 374
5093
6373
7490
3410
3472
 663
7105
8111
2790
1785
8690
8780
2042
8299
1304
1706
6630
 542
 643
8368
1798
8078
2060
5307
6236
6720
7582
7616
6954
6946
 317
 903
8413
8568
 993
4827
2796
 394
6136
7528
1553
3682
4743
2270
5380
 822
8456
9287
6310
 407
4593
9797
9028
4878
2003
1837
2571
1452
5560
8174
8139
6512
8802
 503
8626
1511
1743
5770
1121
1599
3751
4605
2931
7401
8624
6534
4405
9606
1725
 585
1359
9966
2920
8759
8054
9908
5935
9476
2753
3012
9392
3426
2311
 889
3035
7623
3046
 114
8216
9981
2839
7043
7795
8478
1728
4345
3556
1934
6086
9866
  48
6664
4484
2536
7650
 417
9480
4668
 118
6257
 779
2927
6260
5186
6942
  27
8471
6318
2523
5085
7046
 869
 849
3593
3768
8542
1607
3884
7578
5373
 876
3394
6039
4804
2674
7306
9586
9258
3134
3718
4289
8022
2453
9587
4617
9411
4114
7939
7791
4649
3085
9254
3717
 128
3409
2817
4495
7054
8342
6350
1527
2750
2985
8239
3076
3230
2509
3668
1348
1568
1587
1052
4100
7693
3582
7809
8429
5312
4904
5624
7990
9784
1136
6580
7254
 850
8706
8223
9039
7157
1069
3653
4298
6076
5145
5419
3891
7366
3127
2511
6684
   2
1186
9325
2118
6770
9057
 672
7655
9613
1545
7413
 281
9654
4831
5340
5894
5460
7364
2577
4412
5959
3919
6426
2605
8553
1246
6160
5182
5273
5497
7757
8318
6717
 906
5107
4444
 367
7150
5609
1515
 904
9191
7960
1958
2981
5635
 763
3826
4375
5802
1747
 742
2780
 909
9687
  74
7794
6809
9651
6026
5950
 759
1991
1944
6407
7697
4470
 195
9089
1165
7987
2572
 794
 156
7207
3047
6693
6711
3527
9194
 666
7584
5334
9905
9979
9521
9082
9332
7501
9747
1330
4512
9090
5567
1242
9730
8085
8987
7476
7779
2719
2766
4947
3762
5556
 991
1550
3380
8041
9702
6677
  39
6496
7595
6686
2845
3672
 545
8637
9004
4229
6130
9391
 998
9740
 716
3827
6320
7614
4255
6314
7257
8515
 890
 601
2225
9648
3044
9990
8101
6898
4810
  32
6067
4309
 652
5185
6385
8883
1210
3696
5033
5189
5578
8900
6546
8188
 892
4168
3629
 859
5124
6490
9843
 665
9881
9711
2477
1891
1682
7618
9719
9209
4829
1936
1923
9323
1637
1475
8514
9739
2213
8816
1036
8183
2232
7926
 353
8813
 340
2975
4180
7053
9566
2245
7158
5235
1644
5788
4611
8548
9494
7694
8331
7062
6560
9044
9888
7178
9810
9996
 218
8686
8680
8717
1164
7704
1442
6149
1673
5344
3610
2023
4105
4730
9754
1042
 534
4957
3524
7586
4226
7951
2677
1820
1692
6812
9116
9558
5882
 355
  76
4868
7569
1112
 807
3075
2138
8842
8490
9682
4923
9107
4395
5972
4160
8364
5607
3910
 952
3115
7394
5487
 795
4020
4543
8701
5505
 611
1539
2929
2941
6341
4818
8131
3307
3200
8998
5598
4225
4454
3258
6094
2709
5767
5163
9605
3544
5409
9319
4478
8161
2372
7001
1228
 982
4276
4481
5150
 521
 234
2217
7608
9043
1908
2851
2685
9364
4762
 680
8282
 864
7607
 429
8023
7952
7517
 303
9553
4806
4427
 750
3703
5476
6197
7376
3680
4307
6494
6914
6158
7876
 527
 556
6583
3801
6176
4093
6563
5912
4373
9849
4032
9216
8804
3302
5650
6858
 703
 282
9643
 154
2623
6164
3217
  88
4830
3300
3396
9467
5175
 187
6733
5865
7116
7260
5769
7493
 899
4718
7097
 567
8570
5281
6166
 986
1196
5587
7186
5762
9132
7492
5545
7215
7548
8381
 965
3267
1090
9383
7044
4176
2240
 817
 488
1672
8837
9551
7965
4006
7168
9270
4264
 814
7131
9164
2777
6880
1790
 930
4391
3683
2334
5364
1670
9314
6497
8189
8509
 586
6674
9049
5651
7778
6799
 830
6618
7856
3288
2755
4837
9219
6442
3372
7323
5525
9138
8083
2925
6768
5233
6842
1146
1289
2968
1541
8177
1408
9668
6981
3848
2857
2330
2169
1439
3770
5110
9516
6255
9912
5798
9159
9733
3991
6161
2480
8385
 747
6868
7241
1177
7113
1951
9660
3657
3923
1024
4533
9656
2413
2406
5816
7764
 479
5432
7344
6649
1126
1948
9595
5267
 913
 451
8750
4615
6101
7452
8400
8585
6467
1139
 507
6412
7747
3596
3128
8958
4434
4011
1703
4721
1100
 402
7451
8734
5313
3517
7397
2651
1135
3432
2077
7455
1633
4576
9375
 633
  94
6007
6356
8387
2587
2631
4439
9143
4577
3111
5657
1195
9530
4422
3858
7896
4432
2904
1395
5103
4040
2488
1804
7831
1466
7128
2672
8187
1002
5573
6896
4614
1171
1720
7798
2009
  57
5881
9038
4208
6740
1563
3825
5532
9542
1973
8647
7469
4263
9644
4446
 346
2029
6947
1014
5939
1281
3440
4038
3817
1231
9567
8525
3548
6789
2418
6870
3643
3628
9947
7143
8036
3461
4301
2936
9320
2554
3390
2880
5850
6929
6562
7146
6349
 919
8152
5596
5236
1460
3058
 578
9248
1932
2386
2805
7003
5180
3558
8151
2368
9911
4284
5642
9278
6737
9433
2744
4725
4990
7497
4995
6192
6739
7256
5714
2673
 210
6923
1040
1701
6615
7110
1693
9928
7171
 819
6364
3886
2876
5471
5960
 674
8343
7832
9986
9183
4590
6008
5970
6614
6374
1698
7881
1762
6045
6251
4997
4540
 421
5282
4799
3428
4973
3157
9995
4758
8918
7705
 362
5973
1243
6982
1567
2097
2924
7212
 121
3560
3982
7949
9174
3286
6277
 400
5971
2765
2699
3346
2490
4772
8266
4594
9125
3393
 176
 184
4565
8403
2197
5731
5859
4975
2962
2364
9874
 524
7051
3823
8250
3574
9788
5223
6328
6857
5330
5652
4087
6702
3250
9760
6006
1316
8629
  71
4591
9462
7917
1033
5833
7899
6465
9234
3849
3543
5743
3647
9917
3260
  24
7093
8141
5985
2900
9298
5076
7434
5740
6362
3566
3898
9233
3767
2906
9557
3278
9642
1396
4148
4140
 978
5199
5192
3619
7877
  38
5333
9359
4568
8414
3979
4764
3420
1883
7978
2564
7449
2277
4534
6256
 105
5336
7008
7651
6218
1160
6332
1582
7213
6825
 938
9870
6053
3845
4768
2106
7691
7883
3211
5059
2284
8547
9968
8170
6691
3196
1688
1273
4893
6317
2508
4736
3712
5081
7763
1358
7090
4370
5537
5112
1965
1413
3159
1960
2176
4278
6778
7715
3519
3552
5123
3400
1152
7703
5038
1133
4382
3030
7470
5137
3069
7573
9230
4589
4111
 661
6685
8333
7383
6382
6543
7529
8178
3352
5853
3221
4624
6957
9927
6735
3277
9168
4547
4193
9969
3814
5005
1996
1902
1556
4477
9003
8727
5151
6792
4979
1712
3833
 744
   7
9309
8733
2136
3013
1819
6652
4266
8587
5844
7351
9949
7346
5383
5482
2789
3199
7236
4880
7181
7423
3785
7731
1017
4700
5365
7543
 177
2938
5349
5737
1912
5229
5164
7495
6613
4125
8619
   3
2918
5294
3578
2763
7776
6470
3776
6603
5053
6155
4330
5358
 136
3371
2933
7834
7400
3326
 129
6107
4305
5371
8655
1787
 979
3871
8366
9550
8437
4475
7491
8855
6822
4021
9893
7055
5133
7302
3418
 399
1250
9631
5620
4926
4313
3140
5530
9538
 348
8862
5202
2244
7977
3731
6723
2005
3359
2099
7480
6585
2044
6235
9647
1437
9257
2402
 581
6208
3791
4247
4414
3986
8082
5911
8508
7408
5697
8276
9215
2625
2460
2380
5228
4569
1704
 334
2075
9246
4527
7525
 785
6103
8820
4268
8372
5450
8533
3262
4364
5565
9184
8261
6151
7806
8312
  85
8209
8763
4369
 450
9448
9907
7998
4769
3387
7500
9317
1443
5027
9796
8969
3691
9636
1323
5562
1694
6114
6533
4142
2520
7217
9852
4889
2360
3452
9497
3754
  58
8549
 230
2128
3086
1718
8937
8270
9002
6017
 842
 676
4531
 330
6246
1063
6576
9543
3604
5716
4909
2255
2844
1158
5680
4107
5629
9324
 125
1356
5475
 456
5768
 901
2093
9126
5455
2808
5167
5591
 519
1039
2449
4349
1760
2884
6598
6081
1962
4853
6109
4500
4004
7502
3408
 720
7823
6080
8303
6475
 706
4792
6967
2016
5498
1850
9302
4154
3603
7609
9988
6602
3071
7462
2764
7250
4771
9816
8975
9950
5314
3411
3895
2754
8856
9316
6271
1660
2658
3303
5288
9568
8423
6908
6343
8079
3752
 530
5884
8163
3675
1685
8511
3391
8588
8650
5287
8070
 253
2410
1777
1208
9939
 196
 999
2656
5073
2959
1839
9466
8852
1299
1971
 608
5176
4961
8440
  98
4117
6506
7258
4288
1172
3571
6941
3019
2746
3263
8863
9854
9380
6051
8544
1365
7580
6559
3456
4660
7633
8412
 947
5488
1898
8215
 392
 813
8564
8500
  59
6186
3292
6248
5002
9809
1367
9742
2230
3881
8538
1020
 298
5778
4479
3166
7494
8948
 379
1774
7758
8310
9475
9421
2692
4588
7829
4587
8742
9674
1373
8687
2341
9310
8356
8089
5101
4147
5839
2324
6788
2935
7403
1261
5425
8795
6140
5522
2795
4586
7163
7220
5248
9787
4709
3175
2242
5400
5600
6323
4060
3171
7425
9774
5780
4515
2994
2310
1192
6483
6305
1955
9858
4408
7725
6022
8298
7696
8973
3908
1188
2177
 800
9514
3095
1713
 768
6548
8105
4098
8888
4488
4398
3018
4890
2791
 101
1445
8938
6703
1980
8327
7739
3284
7045
8949
4634
5761
1225
7541
 980
4026
1009
7077
5451
5552
8924
 616
3450
6018
5862
4258
9560
6509
9031
8605
7138
1122
1669
7639
5447
6066
3974
7182
 645
5636
  11
 835
8874
3996
8067
9450
7766
8954
 624
9318
 439
5491
 117
7510
6355
4757
 137
 574
9435
2479
4297
8034
2326
6557
 100
9240
6371
8578
 761
3674
2710
7406
4017
1456
7560
5439
6515
9250
8307
6588
6766
9961
7755
8028
3493
3921
1871
5412
 671
6153
5742
9710
8154
1255
7551
7061
2109
5995
1333
1765
6141
7962
 894
 224
 955
2302
9236
9583
6148
2868
6111
7805
5527
5968
3662
8878
2541
1455
7017
4219
2548
5622
2419
5295
5194
7740
3797
1025
7160
5852
7785
4220
9274
1930
2134
8607
5206
8452
 669
6555
3577
1233
3857
5679
3382
6123
2628
1581
2891
8582
9181
2247
6638
9059
6180
3765
4812
3679
7488
3831
2369
7644
8202
 268
8072
9024
6474
9481
2456
6229
4857
 755
1625
6376
6346
7801
 134
6502
8450
5398
9692
3285
3879
8458
5666
1877
2151
5183
5139
1360
8149
 200
  53
7772
1993
6536
5209
3057
 598
 987
5253
5958
5030
4296
9201
2459
1045
6782
1241
7957
4465
6569
2545
6171
4024
2214
3040
1595
6472
1315
7976
1368
9161
 494
1257
7460
5874
5386
9135
  62
2573
4207
 857
  14
9916
3296
5289
1508
9532
 276
3928
8951
7903
8060
5316
4354
7132
6425
7229
1537
5805
3034
8692
5575
2411
1320
9232
9890
5732
8993
4671
2917
 618
6452
9936
6731
2356
3231
 697
8965
9673
9534
4885
9205
1287
8181
2614
  33
 364
8818
2071
7177
1472
6100
2414
3236
7762
 466
9197
5877
7324
7602
5993
6261
2231
8027
4174
9199
 848
1976
1099
5846
 924
 241
7631
8596
6444
6841
6504
2569
1629
8807
3240
2123
5813
3063
9818
3381
9103
8826
7751
6800
6877
5335
8304
5007
3855
2066
 122
3542
9122
6962
2361
6818
9030
7099
1561
 612
7506
6505
 153
7381
2387
8769
8644
7948
6016
6133
6296
2422
3753
7993
2688
3004
8325
4243
5269
6704
 559
8279
8705
7210
 810
3291
7663
4251
8369
5004
6648
1457
8035
2013
7641
2335
 967
4958
5699
1905
2910
4283
5245
6539
6021
6126
9769
9959
4372
3830
 347
4064
8921
8055
2041
1166
6811
9764
6501
3607
6926
9202
1018
5616
7996
8649
7179
5981
9177
3576
7478
6458
6620
1482
 926
9384
8688
6522
5153
2781
2264
8457
3818
6631
4256
7277
1113
3969
9171
3811
4917
 836
7172
 473
 186
2955
3719
1194
4320
8756
7983
8405
4417
3591
 917
3161
5907
7844
2762
4096
5157
9151
7821
6205
9131
7786
8576
2226
7240
2913
4058
5507
6727
  44
4335
1129
9565
5190
6479
8869
1702
 487
1585
6756
1829
3624
2068
2885
3028
9200
7890
3998
2200
3295
3448
6460
9189
3989
4703
8703
2065
9962
8915
6925
8787
9162
2234
9366
5631
4740
7943
2376
1987
5898
9158
 536
4876
9718
6145
4189
5822
1187
8536
5519
1691
5734
9623
7835
8590
1334
4084
6876
7407
1001
 289
3455
5592
3987
1253
4146
9727
4705
5904
2761
7472
8946
5337
6855
 270
4469
1627
3442
6833
3223
1055
 695
2873
 640
8814
2085
5678
3502
7719
4664
1828
7898
4751
5443
4329
2178
9117
4901
3734
3720
 844
7636
4333
5674
1498
8278
6895
2390
6050
9997
9087
3490
1190
1832
9523
9756
5835
6617
 207
8063
 535
2037
8395
8884
4279
9793
6960
5457
3155
9347
7865
  93
9482
7289
7468
 637
9683
3763
1753
3098
8531
1218
1524
5097
9753
4945
1856
4077
7330
4851
9678
3641
8700
8907
7230
7836
2711
6846
8160
2584
3427
 344
7441
5121
3113
7699
4491
1552
3180
5789
 958
4858
1917
  20
9303
4214
6394
 974
2274
9208
7632
4157
6599
5879
4707
9283
5165
7524
3601
7941
6992
9500
6358
7706
5484
1161
7195
 658
1280
2435
9588
  40
1833
4994
7266
1461
7933
5374
3191
1217
5479
9100
9023
 490
6973
2860
 352
2732
9857
 968
1826
2187
8428
2899
9053
4059
7025
5327
4291
3282
5660
 476
9022
 746
4801
6127
5887
 762
8373
5690
6036
 509
7683
8735
7283
3903
6450
6331
2739
1451
2254
4482
 753
1306
9679
3153
2080
9451
6058
4977
3206
9755
4191
6910
4452
 602
4164
1799
7556
7610
5102
6725
4205
4661
 939
 576
 549
1814
1969
4501
3327
4018
3824
3423
2945
7855
5401
1037
9511
5682
7807
2036
9149
2426
1191
8259
3468
9501
1388
1739
4545
5893
4387
2706
6174
8739
1470
9771
4162
1781
4274
1292
2070
3678
3008
3417
3742
 108
  79
4672
8751
7011
8775
5473
8012
6635
2102
2115
4122
6370
 385
 169
9308
9064
  21
7420
9156
4248
7410
8016
 162
8487
6651
6352
4055
4158
6085
4179
6722
9579
9691
9265
 197
5520
4820
  66
8039
7002
3656
1474
9789
8730
5427
2601
6660
8198
5094
6633
9942
6604
2243
3532
 463
2978
4202
8506
5320
8133
4808
5515
8534
 258
3439
2440
4863
8488
2898
2227
7674
8052
2888
4233
9800
8501
3953
6917
4748
9273
9029
5438
5838
4626
5046
4627
5022
8693
3170
1336
6062
2203
7808
7649
6451
2973
4224
9941
3852
 733
9373
4344
 272
1548
6359
2531
4750
1387
 104
4992
3251
4910
1697
4828
 143
1530
1916
3447
5421
1907
9848
1060
2615
9266
3564
3537
5943
6918
7117
5863
7872
7194
4068
6019
2076
7928
4862
8674
7662
2469
 233
1162
8265
7611
1492
3972
9071
1383
8136
1013
1282
1806
8554
5910
3875
2463
3615
3528
7466
7843
5728
1840
6643
3927
5817
9210
5346
1834
3272
9439
9584
9036
9955
7064
5299
6279
3125
7154
1080
4696
6139
9016
3226
6431
8241
2820
1990
1119
4532
8410
2976
7564
8103
6834
7224
4860
7338
7095
4942
2455
4429
8942
7245
5627
7486
4592
1022
4121
8255
4466
8244
 544
2257
9327
8227
1792
9502
 371
 369
9188
4873
5648
7568
 171
5623
4742
5414
6570
9490
7382
4351
1369
1911
3243
1727
5092
2431
2686
 937
5339
 148
2362
9268
3054
2505
3938
6697
2597
8738
 561
3766
7961
1234
7892
6054
5404
2940
7676
3689
9419
2336
9991
 163
8606
2117
 497
7479
4924
3705
1650
4250
4960
7078
7974
2583
7979
2826
1922
8935
9846
 112
9872
9403
1635
9429
4502
8631
2923
9239
2990
 730
4869
3353
6853
4112
3297
4934
3241
6361
5207
2306
5953
2252
7303
6132
1695
5274
5948
3309
1963
8228
7937
8045
4270
1251
6550
8633
4023
2352
4128
3808
8485
8332
5700
2499
 879
3950
2774
 228
6175
4436
3055
1115
5774
3386
2684
9381
7314
   6
4662
8140
5144
 932
8870
8470
7225
3665
1771
6386
 284
3497
7242
5366
8061
7988
6134
6476
5424
4985
9956
9564
5114
4567
2861
3838
9724
2779
5395
9385
1088
6048
5956
5518
9803
5550
 428
2315
 685
3512
6219
8049
8194
3152
6513
1244
8013
1895
3509
7037
5036
1546
1835
 152
8361
1095
9000
5054
1404
7775
2666
1097
5663
1350
7886
3463
8835
5709
9140
4825
9823
6226
9034
4015
 427
9978
8715
4294
8191
2398
6396
 943
3999
1390
4014
9987
8744
3370
 533
4906
4962
7857
8967
2733
1125
1184
9885
7144
1578
8316
4646
3329
 840
3832
1892
9498
1130
4553
7907
9752
5955
 375
9836
1238
7041
 707
6222
2090
2697
8057
6743
7318
  80
6243
8845
6416
1271
5390
 563
 453
7295
9856
2196
  73
2982
6850
1185
7028
 442
4677
8591
9799
3404
5639
4811
2061
9822
8615
 366
4613
8648
5757
4946
7944
6843
9166
6773
3444
3042
 443
4419
2485
4498
8670
 568
7033
6074
5787
  29
5296
1227
3744
1588
8346
8157
8269
1216
2241
4728
5106
7004
 607
1626
3484
5810
3573
1157
7153
1219
5980
8702
3988
9245
1514
1427
4902
1778
7272
5243
1286
3872
4034
5655
2034
9943
1023
3736
8232
9027
6956
2049
4490
 265
7388
3184
2100
7540
9766
4678
1462
4900
4367
3860
1108
2797
6680
7352
7875
4267
9006
6682
1972
9005
9077
6953
3213
1392
8805
4306
8492
8175
8123
3269
7904
2544
8806
4407
7147
3909
7437
2653
6227
7447
4012
1921
1344
 518
1885
1549
7244
9344
6193
7440
3667
7627
8890
5947
9499
3546
9405
6294
7316
4322
5710
 931
1741
7815
7678
5130
5292
7068
2521
7783
6167
5634
2829
7879
2842
8104
4574
4082
1272
7205
8038
 271
2590
5744
8328
1780
 711
1534
2636
8129
9915
5608
2319
9045
9672
4494
8321
1779
9330
1999
1308
4413
 594
2997
7947
3525
2974
5977
 962
9934
6531
3367
5706
8073
6750
7558
2718
9792
5696
9680
4404
9814
4332
6286
2272
2678
 315
4729
 382
1335
7421
2947
8380
9612
7098
9758
3617
6348
 261
3534
9895
5324
3651
6280
5612
3774
9172
9871
7533
3608
7991
 653
 434
1497
3078
 337
2529
9842
3021
7445
4519
6232
4655
3897
3807
  34
6636
2903
6435
9242
7091
7679
3511
9263
1501
 737
6503
5902
2451
1857
9721
8180
 997
5906
 657
7141
9291
7677
7572
3364
9251
4339
 220
1519
3500
2248
 191
9545
3687
6859
4161
6304
4397
8908
2468
1775
2620
4688
1324
2294
4682
9394
4227
8394
3214
9732
3804
4658
1646
8970
2348
 573
8617
6572
8019
3470
3745
5062
2883
9804
6478
2832
3620
9948
3092
8001
3925
4334
 734
1145
4209
5735
9518
7894
5483
8483
4184
5997
4089
5377
7031
1887
5003
6042
4948
3726
 621
6754
7427
5873
9662
3837
1649
3129
3913
9700
8793
8192
9350
6272
9128
1869
6147
8011
5284
7980
9667
6719
3401
9619
5725
9220
5892
 457
2503
2483
5773
4966
9975
4134
8448
2111
 123
 825
1062
3870
6069
5428
  54
5350
1662
5536
1214
8992
3866
5032
6194
2778
7443
7596
1500
6241
8081
6415
3935
5474
 215
6520
4835
 609
 130
2015
1773
 318
5255
9484
8108
2748
2246
5310
7838
5343
  10
 510
8785
9782
9826
8657
9859
2292
3190
9088
3539
4573
5729
7647
2864
4580
6486
5909
1134
6401
2464
 212
1114
2525
1453
5529
3331
5367
5790
3185
5811
 935
 396
9600
9187
7107
6628
4457
3479
2602
3924
4739
9175
3445
8309
8505
1940
 600
1438
1897
8393
8726
5717
3690
5050
6592
4681
6902
6663
3275
2539
4022
 159
3554
7601
 797
7606
9892
3876
1423
8732
7931
8119
3646
1998
7422
2333
3097
2592
9110
 891
3314
3633
5727
4135
1572
3869
3488
6093
7465
9378
5867
4448
3197
 506
8026
 689
7911
4051
 725
4299
5454
9238
1288
2033
2110
1603
3960
1602
6972
2630
4903
9458
1209
 283
8115
5514
7453
3945
8114
8676
5031
4116
1723
6329
8009
3660
8749
2339
8577
 622
9906
2846
2221
2181
4525
7065
2265
1858
3714
2282
1120
4556
6553
8158
1305
8084
5321
3290
2582
3955
 828
9035
8273
3108
9041
3865
2937
1735
6979
 206
6172
3482
4714
 562
8707
8740
1007
6969
6713
6678
8831
2671
3853
1933
2915
7145
3005
7830
3317
3949
1705
5549
8583
 387
1846
6700
 395
7251
5613
8778
1049
 376
 548
9042
6443
4310
7895
2381
5711
8952
3325
3460
1645
4701
5096
 514
1555
3006
7925
5399
6014
9923
6742
5026
2374
6888
 526
5309
4371
5198
8858
6185
5990
4460
3740
5057
1528
1663
 799
6866
2721
6368
6276
4181
7512
6854
6212
5641
3464
5845
7629
9040
4050
4075
 721
5328
8966
4813
5759
2184
7981
7574
1223
1946
3842
9396
3599
6190
2081
 448
2540
7477
1529
8950
6200
8746
3266
5535
 102
7247
  41
2638
9153
  16
6345
9690
9572
9616
4538
 845
4833
7201
1995
5905
6594
5855
6365
5193
5837
1425
8221
5244
5023
1816
8642
7238
2606
1180
8988
7274
4657
1788
1319
1542
3453
8489
2882
 684
4197
2273
2533
5809
6867
4710
2317
3027
 433
 319
6046
 312
 838
  90
7484
6657
9272
1880
5942
3405
6656
6211
4798
2224
7135
2993
1665
6645
3995
6661
9037
7111
4641
8033
8195
1342
7165
8134
7096
5197
5495
4316
6875
7022
1632
5897
9084
1431
1382
1295
1583
7730
3287
6399
9926
1057
7363
1666
1586
2595
4246
3840
6596
4800
7183
3392
9399
3943
8899
2152
4487
7499
 308
2494
2012
1050
7833
6847
9349
7818
2894
7921
3160
8840
4493
8627
 412
2046
6477
8438
7912
5128
9658
5117
6214
3936
8584
4067
9929
 566
1256
2401
2491
2878
6694
6607
4353
5756
7188
2144
4620
6781
3715
1314
6459
2690
2616
1986
7392
8297
8794
3073
9179
5113
2278
7646
7799
2104
1380
 765
2999
7796
5068
5224
2086
3638
2758
 704
2192
8603
7414
 150
1574
1573
8782
8246
 790
7263
 194
6210
4886
9340
6440
5705
9864
6347
7152
4993
3486
5797
4314
1992
9898
2563
7067
3268
 959
1201
4453
9884
7083
7339
   1
5135
1491
1417
2735
7115
8222
2082
7653
8289
1731
1656
6964
7162
 111
8308
6887
9243
1807
 235
8494
5568
2698
 668
8093
2675
8253
7787
4913
6338
8419
7634
4199
8284
9522
9776
7461
7617
8681
6078
5541
 106
1000
9180
3395
 898
7398
6804
4057
4537
2216
7418
9333
4612
2603
9807
8464
2840
5122
2619
3664
4061
4285
7910
8714
 213
6419
5991
 214
 329
7237
7304
6632
2676
9659
8179
4870
5553
5509
 749
9615
3219
8242
2930
3053
7273
6698
8096
3844
8171
5250
8594
4554
7467
2347
7136
 475
5557
6327
1284
2202
 292
7075
5539
8803
  56
 729
3414
3130
7741
 992
1879
 983
7227
6741
7018
2518
1551
7767
 868
1215
 515
1789
3022
1772
2450
4566
5829
6199
4794
8957
7057
2038
5739
3237
7415
7458
8406
6391
 648
9953
1349
1495
1748
6203
4550
2893
2979
9008
4925
6430
  30
7509
7052
7073
3466
3977
6485
9021
5667
1734
2059
2092
8597
1589
8339
 338
5832
1254
1346
7589
5677
5271
1351
7802
4922
5028
3526
5155
1786
5010
1900
4295
1236
6783
2841
8193
1101
7869
7643
4843
4894
8983
 696
4541
4091
2702
9903
9351
5098
4791
7720
5619
 299
8507
5540
8214
 686
9699
3692
8030
7687
5037
9655
 350
6679
8770
9354
6988
1797
4819
8367
8441
5777
3356
8905
8556
3746
2951
  12
3363
5915
 861
2357
3611
9241
6445
1205
9650
8386
6624
2912
4223
6904
9570
4974
2445
4080
7557
4420
6921
9397
9017
2091
1072
6819
1809
4640
1742
4895
7953
4311
6196
3843
7176
5842
1796
7332
 874
3864
1043
1422
1406
5201
2069
3555
9402
6315
3968
4699
9306
6529
2388
1458
3459
7190
1140
6342
9422
7151
1169
4352
 496
9773
9876
1450
1229
 523
1667
6295
2474
8618
6745
3764
4928
 528
2730
6215
3521
4648
3310
1405
 504
9590
4092
 305
5257
3631
  45
4195
9444
5074
1868
9214
1038
8445
4874
8654
3279
2682
5042
1128
5146
2611
 403
2204
9261
5776
7970
9970
6665
6282
5041
1207
4691
1744
3383
9292
 783
5688
9635
 973
1410
3457
6998
7058
7759
2837
4713
 977
7036
6392
3956
 667
5503
7108
9370
6471
9562
4535
1446
3997
8203
7384
8788
1554
7340
8207
3340
8834
9339
4542
7516
4025
3971
7521
6757
1138
2373
 320
 432
4899
1745
8523
3133
2513
9802
9328
1312
2770
2253
1564
3892
2995
1710
7590
6715
6015
4212
3451
5161
1132
1235
6802
6492
9985
3181
8407
7396
3729
 858
3017
5821
 190
 597
5500
2120
4356
8218
5125
6984
2487
1448
6747
7811
7336
 583
2288
5765
 872
2703
7866
8645
3788
3934
5064
8148
6118
1621
5142
5871
6829
 193
1430
5486
 920
5080
8661
9552
6508
5221
1522
5215
9052
3229
1104
8723
2167
8791
2593
5277
6413
7439
1982
7060
6250
7086
6873
3192
7519
7900
5437
9382
2728
4177
7087
1679
7847
7386
7438
 552
5387
8768
9124
6237
8510
3224
4647
4302
6456
2612
2696
6414
4000
4231
1436
 784
1078
2642
8398
8340
4073
6945
6767
2782
1075
1480
 182
  43
  55
6334
3101
8764
7532
4009
7692
4346
5523
7620
4887
4101
1310
3644
8275
7745
6000
9130
4131
5979
2262
2434
6072
2173
3148
 677
8032
2991
4206
7971
8971
1167
5360
2346
8546
6027
 135
9770
9155
4551
1989
1639
2977
5672
1386
2298
2478
2074
5260
2088
5585
7358
6357
4733
5964
 854
7126
7923
3815
 414
1752
1800
6891
9104
8256
3273
7505
1687
 659
 418
4423
9637
4357
7927
 294
5499
7507
8224
5878
4670
3658
6878
4920
5524
4921
2127
5411
7901
3983
4312
 290
7770
 486
3271
6207
  52
3220
3064
3505
5389
5259
6484
6028
9622
9664
4428
8689
7804
 743
1671
 702
9561
4170
9046
8399
1419
3549
 766
6119
 480
8453
1655
9407
2971
6274
4839
  97
3351
6521
7819
4451
9527
1061
7648
1909
2210
9229
2154
5988
 990
8847
7736
1616
4601
9706
8602
7435
2553
3248
8281
9441
 357
9224
8059
9010
8752
2032
4840
4950
2725
4496
4431
 141
9621
9812
8535
4788
  36
3118
2759
8435
8939
1614
1277
4194
6142
5444
1301
4980
3151
5356
2415
9276
3316
6383
6824
6195
 809
4607
8910
7999
5286
4359
8058
8208
3522
5916
4944
1311
4204
4793
2295
6379
 615
5669
7137
7006
  22
3483
8347
6864
7840
5436
5276
4755
1026
6183
5937
4169
3792
2944
6852
6258
8911
5162
5707
9139
4455
7464
9819
3164
 484
3116
8698
 264
2006
5579
 713
1481
 688
 907
9461
3357
3515
7070
4472
4698
1400
8877
2852
5018
3563
2720
1817
 941
6738
4865
 564
5280
 916
3253
8792
8357
2853
6020
3569
 165
 109
4514
4938
7081
7851
3708
2114
2233
7820
5219
4517
9226
1454
3775
3809
1700
5370
9504
8124
1505
7267
5763
2960
9063
6437
4939
3204
  18
2048
2850
2902
7985
2812
3937
9457
2866
5116
5747
6806
2705
9086
4361
9244
7873
5494
6527
9880
9863
8981
1795
1942
7793
4953
5570
1759
2517
 351
2160
5582
 170
1248
5461
5013
 478
2142
 650
4290
9442
8931
5381
9068
9806
1503
5402
 460
3222
8344
1030
8031
8652
5060
 738
7722
4896
1232
2393
 769
 655
5091
2358
 865
7027
9576
3882
7774
 736
5375
9798
2461
2405
6033
2809
7645
1686
6518
2159
3589
9447
4252
4936
6849
5363
3900
9701
1812
7239
2436
2370
1937
 963
4113
8928
 551
5061
9073
3932
5543
1696
 431
9493
5303
4260
6308
9517
3424
4028
6975
8748
5504
2020
9510
2905
9326
9983
8977
7537
3790
6845
2002
3025
1536
7345
1724
8560
6223
5072
6117
8838
3132
5512
8521
1867
6952
7667
7231
5171
5779
1648
2191
7638
6300
9072
6369
2396
2751
5065
7349
1153
7729
9671
9165
7489
 541
6202
4196
3911
7430
 940
1326
8336
3189
4583
1925
 250
6669
7682
1065
2657
1823
1044
5397
2057
6025
5211
3342
2645
9389
6096
5434
9473
5721
8363
3970
4063
9972
8646
9571
2155
7848
5170
8801
1249
1415
6201
6360
 918
2457
8225
1499
4358
4421
8144
 700
3630
1862
4119
4438
6907
8165
9471
9559
9652
6769
2199
8934
2201
 811
2428
1291
4867
1910
8479
4013
1769
5818
9231
5407
7320
9436
2430
6817
7968
2251
6830
4595
8042
 296
3773
2787
 751
8455
 922
2799
5870
9535
7867
2877
5458
7784
3091
 801
6989
9432
2156
6463
8786
1784
7409
1836
6278
8145
9640
4802
9322
3614
5827
7292
9875
 158
3136
8530
9573
5602
9282
3436
7021
 409
2058
3962
5766
 829
8836
1605
6779
6165
9440
8851
6579
4379
3293
7321
6882
3851
 582
6547
1914
9708
6410
3209
1103
5376
3506
 175
3722
8559
2164
 227
4355
6163
 341
8102
7416
3407
2816
3645
4411
2596
8962
3616
1053
3084
9305
2737
4163
4832
7307
2143
6082
7199
8040
3787
4463
9723
 632
2914
 342
6732
6482
 911
4964
4403
6384
3227
4272
1793
2989
1197
6108
 254
9148
9160
1540
7281
 701
6150
6595
5712
8571
1813
3294
1131
1337
9311
9645
8623
3625
5704
6230
7565
9860
8660
  47
9296
5090
7122
6699
7902
4797
2394
4562
8867
5966
7334
5237
 957
8991
6044
6935
8809
3090
9300
8443
1411
7958
9293
6871
1674
 988
5256
8747
8663
7248
1077
9633
3242
3029
1763
1226
5792
3793
 244
2072
6930
6690
1647
1109
6242
 873
5692
6862
5322
9377
9496
1283
6771
  23
9707
8050
3942
5581
5715
5886
6640
3581
8495
5034
5800
3541
3780
1200
7581
9746
 181
9474
8496
5029
8823
8848
5720
7619
3877
3612
1831
8014
 860
 884
7935
9873
6487
4695
3165
1596
 370
3813
2680
1661
4166
5588
8167
4286
2640
8825
7534
1941
3072
8090
2000
6893
2967
2681
4173
3769
4927
2162
9217
6542
2382
1496
 168
 306
7863
8110
 301
3198
5174
8349
1381
 756
1156
4692
9425
 690
8293
 363
1222
9193
8522
5698
4368
5058
8326
6330
 786
9147
 239
5485
8300
6291
2801
4521
1397
 699
8229
1091
6299
5673
 161
 976
5168
5459
5676
5361
2132
8283
8341
3669
9563
1994
4667
8711
6668
 723
7219
7094
7474
 149
5899
2349
8599
3257
2869
4719
1865
4932
 243
4616
9007
9954
8865
6791
 260
7149
9845
2443
4443
3749
 185
9777
3471
8017
6670
1488
8004
 378
9960
6233
 517
8859
3874
4937
 459
6035
7198
1558
5111
6587
2738
8913
5315
7056
4623
9594
1269
7717
4315
4203
3415
5069
3186
6744
9709
9463
7012
9386
6874
1612
4327
 560
 881
 513
5772
8710
1754
2448
8439
6038
 420
3311
4619
1092
1054
3648
4069
9989
1569
3786
1699
7669
1432
8020
9489
1268
3255
9575
8810
2207
9778
1010
4754
4392
9050
7666
8638
7355
6405
2318
3889
7156
4850
 245
7342
6283
3561
8268
6978
4362
6911
7810
8628
3100
6808
5384
8545
9079
5283
4911
2293
3333
9256
4643
6980
9019
8777
1098
4717
 525
 216
9677
5088
9741
3634
2723
5220
9894
9536
3699
8562
6344
9454
2363
6001
 543
9406
4433
8234
3621
2752
4726
3914
4864
1678
6912
2366
1093
1636
3529
9676
3377
3757
6047
 208
1079
6837
3246
6751
 377
 419
1584
5656
2371
5203
5590
7080
7789
6892
9548
 708
7072
1032
7140
2261
 731
4008
7661
8857
8290
 321
9393
4483
1918
9408
7637
4400
1929
9507
1127
5392
9123
4003
3016
8077
7372
7842
7924
4402
5978
6807
1716
5055
8643
2542
9716
4766
 325
1838
8830
2668
8917
6650
2949
5569
 950
2014
1107
3585
9069
7859
6937
 788
 846
4144
5239
8843
5926
3344
6861
3966
7527
7311
9725
7828
9415
9478
9533
1221
3081
9751
8914
 127
 203
1658
5547
7575
  26
8669
2467
2301
8384
3437
3156
6584
4287
6224
8498
1070
3060
9150
 984
8132
3225
3194
7373
9464
8765
3335
5531
6763
4468
2011
1848
1531
7550
 458
8238
4242
3478
5070
4581
 584
 826
4708
2271
4388
9675
1979
8291
1966
6228
 462
2322
8330
8964
8021
9225
2813
6353
6590
6772
8555
8912
4761
6574
2983
5179
1193
6541
1886
4690
2098
1031
2263
 167
4341
1468
6884
2236
7299
5391
8572
 629
5875
8010
 944
 821
9331
4882
2391
7329
2157
3530
9641
8936
 452
4720
4914
9531
5357
7777
1906
 138
4178
8827
9738
2198
1278
3169
9698
4343
5595
5467
7812
5963
6774
6777
8984
6238
2776
9460
 172
4546
4211
2004
6517
 511
2835
6182
2408
6672
3167
3337
1479
8540
5554
1420
6507
2323
2021
6787
2526
2238
8311
3179
2665
9080
5012
3598
9817
2384
8832
1634
1593
3481
2350
6336
4426
7354
4630
2420
5293
8044
8213
2986
2731
  69
2359
1870
8317
6493
2793
7520
9896
7286
 981
5746
 791
 205
2439
4441
9526
8886
6995
7756
  28
6298
4150
5872
1179
2506
9115
8678
3143
9469
2530
5854
3037
2643
2194
9694
1005
2863
4775
8334
8909
2756
5665
4548
 815
9581
1618
1851
7989
6610
5379
1082
9951
4963
3739
8829
7134
4516
7621
5610
8378
3033
2803
9404
6030
5945
7916
9670
3666
4293
4711
4654
7426
8699
8923
6671
2722
4625
3441
5880
 599
2984
9661
 155
4669
8003
4033
4418
2286
8539
6267
5445
8828
1414
1279
1347
4254
2854
9503
8593
 754
1764
2948
5304
2528
3941
6516
2403
3216
5922
8433
2344
5066
9958
1459
1721
1181
7813
1624
6322
1361
9688
5138
8451
9971
9717
6144
6786
4331
5861
9684
 719
5345
9078
6621
9539
4406
2740
1571
1746
1029
 557
2010
8074
  35
6146
6480
  87
6776
4145
6253
9227
8008
5410
1591
6055
 423
5662
1913
4056
6933
 654
8126
1844
7109
3697
 142
1477
4559
1011
5992
 140
8430
 626
 670
2618
7518
2988
9255
3330
1818
4653
1740
5311
5722
4506
 949
2575
3449
8767
9887
3899
2943
1385
9195
8029
7063
6043
7570
4943
2045
7542
 255
8990
6659
7074
8212
9108
3365
3878
1352
9820
8569
9783
8817
5883
6292
1230
7312
1237
5047
 805
9868
8254
8106
7014
1894
2147
3070
  51
9867
1364
2482
7331
 345
 397
6920
 131
 806
9018
7233
1362
8537
1245
6641
 816
9262
1967
4036
1690
 804
1384
8844
4855
2834
7034
8808
8781
9520
6335
9853
3498
7119
1266
6997
 274
9772
 166
 307
7019
3659
3176
6710
7909
9844
5920
1293
 331
 405
2823
6420
  92
  83
2140
 435
8613
6924
9555
4039
  37
4838
3597
 304
6354
3003
5472
8668
 933
6447
3741
7319
1845
6844
1532
7880
3547
9119
6832
9271
4984
 570
1811
8963
3748
5242
 277
6110
2589
6983
6938
 493
7184
8941
2502
 741
7133
2107
8359
 735
3649
3981
7849
4185
 767
4597
5463
2001
6589
3324
5944
1071
4680
2825
9998
9815
6692
7174
4149
6909
1808
7628
4007
5928
7123
9348
1176
6994
9154
5803
1570
 837
8798
6514
6325
  89
2785
 727
8892
4892
8231
2694
4002
 520
8595
4724
3474
8891
1854
6726
8743
1258
9850
6366
6244
8621
6963
7049
9376
6551
4027
3816
1035
6721
7673
5222
3473
7654
3203
8169
8724
7803
4442
7228
4746
1178
4363
2961
2519
6209
6673
9603
6805
9361
6303
4737
 322
1402
9196
4907
8995
2743
5869
5129
2258
9712
8695
7161
3399
2078
 775
 139
8679
9597
8552
7936
 326
7640
6095
7059
1338
1484
9012
6836
  42
7125
7079
2279
 833
9904
 927
2849
9544
 316
3738
2492
2760
8146
4304
2022
3904
2149
  19
5659
2824
1683
2916
8979
5517
8499
7852
9779
4782
6381
1354
4265
8121
3518
6775
3954
4637
1794
9368
10000
9477
3099
7748
 512
2328
8117
2649
8476
7192
5385
3465
2794
1997
9601
6225
1924
5830
8377
1849
2223
3939
6530
9009
7005
9734
1124
1719
6821
8237
6065
7204
1640
4053
3182
7197
5548
2342
3627
 508
4473
7713
 201
2146
 588
8015
1978
6662
7822
 547
9427
7327
3274
9851
2570
2724
8375
 945
7164
3894
6189
2309
8796
1737
3565
3358
2276
8263
4783
2515
5025
3205
3550
3732
8625
6372
2007
3094
1502
6264
1684
  15
9192
5297
5394
2865
9259
 359
2458
7362
7659
9627
5241
8853
1372
6137
2953
2957
3038
7555
6290
4165
7214
4891
8091
6429
2538
4139
1008
4041
6135
1329
7487
5576
2250
4275
4118
4508
8365
3002
3516
 878
1168
3702
1935
9785
3551
6993
 291
5214
 492
2613
7129
6827
5949
7089
4389
7950
5614
 116
5152
2345
2327
 328
9763
6398
3836
1274
6714
2219
3507
 483
4723
7914
5526
1959
1412
 132
8125
6794
6083
4269
5864
1628
6009
3841
9828
3761
8206
9249
7291
5840
1715
 339
7681
8932
5921
5035
 954
3103
7768
2897
2125
2646
1378
8066
2833
2425
7735
5513
4875
9048
6746
1318
9901
5140
8996
3421
 893
7341
3885
8051
9058
1617
5188
9445
5200
1366
8720
5934
8226
5262
3328
1377
3835
6105
6122
2707
7827
2113
1285
8257
2998
8098
4555
 687
3208
 313
6883
8766
3622
1151
2218
9176
2462
8551
7710
 550
1981
3348
7009
7496
2307
 638
1733
5645
 774
2497
 577
4982
3354
9129
6449
2549
5039
 960
 360
 314
9112
6974
6464
8436
 469
3388
8249
7391
2340
9827
5325
6198
9607
1375
5888
3606
8634
 812
8926
 295
2901
2734
7020
4244
1863
8893
2305
5359
8116
8065
8784
7967
4042
1598
8541
3144
2726
6307
1592
7356
 115
7112
2736
9465
1142
  60
4558
3406
6949
9556
8184
9136
3940
1709
 491
5866
6835
9099
7189
1401
 522
2641
4841
6457
3538
3096
1884
3640
3489
3575
 782
 569
9304
2810
4085
6961
4317
1620
1559
2056
6061
7275
  61
4102
7503
8783
1977
 278
2267
6696
6409
4976
9743
7293
 641
 164
9681
7419
3215
5901
7429
 266
5048
7594
4210
7402
6377
1782
8694
 642
6056
2784
8737
2129
8186
7508
2444
8486
7698
2769
3245
9646
5100
4753
4324
2578
1859
7284
4684
5134
6848
1521
8086
7235
6265
1931
3114
3883
4579
7353
1841
6761
8128
1434
5052
6433
1265
6567
6446
4815
7261
4171
4727
6023
6177
4319
7733
1105
 772
4956
2367
5925
4600
4318
5975
 485
2771
 587
  86
 251
5177
7732
3007
1302
9269
6795
5621
6403
6002
3056
 113
1159
6581
9585
1873
2185
2018
5143
8755
3890
9237
9902
4337
4989
2650
2559
 589
3339
7148
5405
6919
9459
7670
 664
9371
 914
1896
8925
8389
4776
2747
9620
8956
7288
7714
9878
9252
8684
8137
1494
5423
2956
5234
3944
2838
8873
8519
9452
9212
3154
1651
7040
7325
5413
4385
8691
3438
 180
7428
 411
5191
6466
2598
 757
9821
1516
1947
1175
9275
5172
8324
6944
1073
3265
6316
4155
9297
3684
9431
6730
8138
1393
9728
8704
9891
1736
7514
5159
3210
7940
7671
8841
7531
 174
6491
9775
5633
4735
8467
5764
5226
5352
3711
3698
8662
3806
 498
7603
9963
6064
7203
9726
 789
8432
 776
2235
 327
7335
5278
9321
8046
5470
9401
2260
 994
5217
6367
2377
2496
2190
7082
7963
9387
1276
1630
6951
9223
4228
9163
3661
8600
1428
9935
1485
6565
4497
2139
3978
5279
8431
6268
7982
7206
4047
9630
1875
6549
7734
1961
7482
8006
8719
8240
7259
4745
2193
5422
8474
3139
4522
3332
4930
9541
8434
3177
9097
6004
1580
8860
2550
3376
7042
 969
4415
 651
7035
7024
2632
8575
9574
1950
1048
5828
3067
2124
9495
5353
9513
8779
 538
9329
8819
9910
3366
7280
9438
7579
2783
2821
3650
2283
6901
4935
5664
3369
9137
7625
7884
 936
1418
6801
1141
7071
4230
6890
6270
3259
  84
3948
9930
2316
7328
5954
6037
9592
9456
7754
8741
3487
6287
8667
1964
9877
 401
1802
7782
5426
6266
2024
4673
9167
2297
3020
7972
9695
3121
6780
5848
7612
9736
7680
7013
2188
1328
7727
2704
8360
1464
4520
3306
5240
6143
7262
1021
 222
 590
3733
3079
5551
5319
7845
5173
7039
8502
3759
9735
3796
4108
4715
6495
8071
 625
5533
4489
1051
8580
7817
 202
1094
8302
1770
9203
4124
4499
9449
2166
8415
4633
6865
8007
5044
6728
3922
3863
3743
8683
5416
3605
9549
5782
8176
1664
2195
4732
2574
6112
3545
6301
7882
2634
4062
7642
9589
  81
3975
8416
 529
3476
5962
2446
2141
1509
9221
6653
2452
5521
2693
3713
7337
3435
3043
 886
 219
8529
9624
2535
1296
8236
9014
3735
 381
5801
9839
3799
4734
2655
1945
2928
4016
1086
1376
6556
4156
9417
9413
1332
3105
7630
5341
4872
8762
4952
6500
6856
9909
6939
4883
8076
4821
2879
2409
9824
 147
  99
5646
3323
5127
7208
1903
 495
2964
8761
5824
5378
6034
5225
4188
6899
1890
5063
2836
 843
7173
7955
4462
5784
6455
6753
2165
4394
8665
3961
6220
2609
7997
8159
3727
3771
5847
9944
3590
3321
4916
4409
6340
3031
7591
6395
1440
1654
 302
5043
6191
5355
8516
8885
6393
4854
 681
1956
9745
8672
5232
6510
1046
 908
2862
6302
3930
8493
5658
9446
5056
6421
3880
 237
2365
2008
2051
9001
8092
1954
7315
6418
6152
6999
9341
4796
1566
1988
2629
4486
7088
8943
4638
4856
6049
8122
5453
7700
  25
 300
5843
 447
6970
 436
6097
8233
9281
6958
1118
6752
9974
9786
8959
5748
 445
5936
9920
9795
  63
3951
2624
9980
8565
3172
2822
4663
2963
 262
3706
 221
7742
9999
4931
8903
9142
4401
9398
 223
1199
5208
6131
6057
3513
4271
9794
3655
9578
7348
4253
4282
5952
6400
9781
1327
9170
1843
9596
6216
6321
6448
1861
9825
 818
9280
7613
8164
6936
3264
6087
3322
8354
5382
  70
4645
2568
5149
4659
4151
6099
9294
1601
9737
4070
4606
4741
5300
1577
9505
4476
6816
3760
7371
9204
4549
 717
8875
1952
9420
7278
3158
2471
8025
6815
  17
 698
6948
3637
5040
 477
9186
8916
 841
 323
4697
3920
5653
8656
9127
8592
1487
8604
7708
1083
9993
5083
8287
 383
6608
7861
5931
5896
4596
3379
3066
2818
1004
8999
2211
3992
7069
6712
6040
8513
4539
7665
6106
7684
2220
5929
8315
8864
8280
5819
5077
2320
8919
2137
4848
7738
1535
4965
6886
1463
2229
5640
 438
2669
1732
6759
1148
4090
9055
6724
4010
2566
7159
8725
 356
3798
4072
 413
2786
7417
3249
2543
5249
7368
2635
6707
1677
8906
 408
6324
2579
3088
  95
2153
1203
4528
 691
3652
 287
1615
6075
7405
 985
1116
 505
6828
6326
4182
2729
4918
9921
 972
8558
 246
5900
2429
3893
6070
3305
7984
3868
2921
2581
9713
1429
5572
1680
 847
8640
3319
8272
2524
4795
4971
8447
 606
8295
9334
 225
6012
3036
2275
9121
7878
4760
1983
5808
6011
5544
7287
5851
6068
 482
9614
1525
8420
7221
3093
7374
5606
7702
1047
7599
4262
3239
 373
2714
1815
6060
8155
1174
7270
4585
7498
 660
8143
5890
7657
7169
4001
7860
6289
8142
9075
9994
3685
4440
6577
7432
2639
2256
9973
5702
4898
6432
3912
8319
6071
1874
6582
6179
8100
5496
5291
4563
7216
7255
 732
7473
 656
9957
6851
7887
8879
2773
3724
 467
9748
8894
2379
2389
8197
3124
4955
5014
5561
3412
6897
7253
2855
 249
2648
9395
3980
6124
4435
3052
  78
5254
 178
1198
1028
2560
1526
4447
9537
2847
8465
1730
7393
3083
4807
8459
4110
4399
1102
3725
5601
8586
8277
5169
6422
8491
4507
1015
3568
 380
 636
4094
8854
7992
3318
4694
8774
5403
3520
6709
2556
7048
2131
1830
7209
2811
6275
6168
5265
6288
1290
6626
8235
1604
8313
5481
2212
6826
8799
7317
2268
5593
8773
 343
5213
4552
4236
8421
6916
 500
3195
2237
1303
5584
3146
1096
8520
7404
9759
6454
4824
  31
8671
6262
6473
2892
 232
8839
3492
 256
2027
6900
5015
3926
4366
8997
9101
8243
2567
3784
 675
4836
5946
1409
8612
2767
4805
1643
5009
8753
8401
8294
4897
2383
3802
 391
5903
1810
4523
9120
6803
5825
8871
1264
3947
4859
3173
1926
8685
7718
8446
7660
6234
3716
1016
4905
6311
4138
6889
4216
7538
8728
 365
7127
3850
4037
3059
6059
5876
 242
3800
2083
8882
7249
2889
8200
3149
3202
7891
5024
1467
8978
5814
7483
 692
7475
1493
4915
8069
9847
4186
1068
6128
6749
7010
8172
2395
8610
9133
1182
 553
7029
7780
8374
2996
4052
7956
8811
  13
2126
5290
6005
8713
 902
2096
5021
8616
1544
 683
6605
3803
7296
 537
 726
7380
6658
6079
4510
 802
 532
4683
5449
2670
2683
3355
5196
7313
2130
8472
9410
5930
6187
1711
9984
 579
2416
1776
7007
6575
8251
9508
1469
9805
8708
7615
 627
7622
3730
5795
5654
2062
2807
2353
8833
5831
8306
2966
2047
9284
6129
1822
6627
8147
9577
3187
6032
2958
7585
2412
3709
6408
9085
5440
3123
5477
8353
2375
1150
 354
 332
8930
6481
1147
3110
4281
3929
4190
4464
4774
4213
 870
 888
6681
3467
7102
 679
9693
1421
7792
5626
5793
2312
4959
2438
7357
3772
6566
4277
2768
4949
9102
3847
6181
 793
3117
 875
4503
 673
5860
5718
1518
3289
 151
4232
3663
2331
 752
4340
8292
3536
4676
3846
5465
4822
9054
6259
 855
3413
 827
9840
8190
4689
6073
2351
2815
2895
2407
8425
2501
 324
9653
4988
8056
5984
6634
3218
3106
4847
9299
3967
5723
 823
 516
6568
2050
2161
8409
3737
4175
1510
4104
 852
5538
8348
 705
6966
9841
7587
3701
 948
2087
7600
6965
7114
7685
  49
 565
3861
8630
 464
1340
3122
5049
1252
3104
3168
1597
2103
3758
4785
3201
6931
8382
7545
1939
8480
4095
5095
1609
5131
8528
4123
5998
6313
7536
7723
8815
5923
9554
2952
4076
5681
8460
1064
2788
2101
6940
5205
 280
5908
4241
2206
1504
 472
3580
5272
8274
2475
 824
1676
7656
2465
3000
7913
1517
4941
6469
 961
 895
9468
6029
5684
 605
8219
9580
2547
6024
4308
2507
 179
1507
2484
8080
7850
2495
9301
7015
4323
5785
2552
2700
5079
5109
1202
7471
5919
9267
3671
7668
5231
 238
4744
4074
6221
6642
2679
5675
8468
5791
6903
1370
6869
1345
 192
4416
4348
9964
6913
2745
5617
1562
6655
9026
7377
6785
1313
9437
1206
7305
3308
8517
8622
1659
1623
4622
9222
9528
2054
9134
 103
 361
3677
8933
 964
3993
8156
8902
1878
 273
5957
5563
5693
6090
2296
6312
9547
4778
4338
1881
7309
2174
6217
1513
1154
8427
1738
1111
5815
9336
 267
6462
5000
 620
5799
8968
6254
 426
4544
7104
7530
3001
 554
6793
2881
1949
7030
9715
1309
5051
2800
7539
 614
6524
8872
 792
3032
4445
2819
5982
5332
7196
4030
2561
 942
5001
8866
3298
7066
5020
5589
1805
4780
 465
1259
3443
2534
5751
1398
2385
7522
6932
1307
2859
8481
9013
8598
4328
5181
3820
7986
3336
9608
4972
1089
9731
3454
  50
2314
9032
5559
6797
7598
6971
5452
9946
5647
3595
6950
3531
7814
 481
4991
9289
 896
6571
9312
8475
6525
2281
2186
3347
5119
1842
7915
 910
4153
  65
9625
6378
3579
8201
4530
2476
 715
4809
9286
7790
2965
4803
8220
2067
 839
4390
3676
8696
2972
2867
5446
3946
6162
5741
1476
9207
4602
2150
5649
4773
5969
6987
9093
6138
 912
7395
1490
8758
2116
6616
5574
2701
8461
7232
5976
3632
9629
5212
5974
6537
1904
7788
1888
 603
4200
3126
8037
6380
3049
3276
8162
5420
7561
3244
8563
1622
8350
4137
3234
1399
7200
4259
5441
8682
4088
9914
1520
6619
9945
 349
2158
7269
3572
6959
9811
6840
4968
3557
4471
5086
5566
4575
8790
6281
9765
8120
2378
 310
3430
2454
9213
5160
5415
8608
7938
9626
 953
7370
5418
6063
7185
8351
5687
 739
3374
6511
4238
9094
8454
3976
6084
8379
6104
4383
 853
8849
1012
9918
1611
3584
8301
9081
6077
7085
 285
8880
6252
2992
4292
2421
2189
8497
2028
3109
7624
1523
3089
5918
7294
7870
7170
7728
5462
7367
4378
8087
2926
7588
6468
1547
5754
4106
6814
9768
7038
3402
4712
4159
2079
2105
3916
7605
3362
5753
 635
4480
3107
 424
7282
9515
8881
7695
1143
6120
7375
 915
1985
2691
2055
7101
4518
1189
8402
1872
1212
3609
3174
7310
6790
3626
1717
8653
3469
3087
5736
1675
4218
9145
3594
3562
8205
6453
3700
1533
1444
4245
 834
2019
6461
 970
3281
3783
3375
6269
2874
1300
1652
6411
6010
5084
8557
1575
7797
2827
8355
4239
4702
1689
5308
2562
5075
9083
1027
1758
5501
5914
2954
 217
4126
 293
2622
2182
4485
1270
3112
3931
 758
1085
5338
9900
9506
4871
2321
3496
4572
 771
5885
8955
8994
3403
 728
5644
3247
8153
2427
9704
7246
8716
8920
1449
7155
4759
6319
 455
6231
7919
7121
5691
6860
1389
4410
9409
4642
5302
9509
5011
2715
7995
3514
4347
5820
7268
1893
1600
9416
9369
7050
6545
2447
3299
9883
8376
2516
6240
 803
2470
8800
9374
2308
4686
2712
8986
 390
7760
6810
2576
7222
9837
8391
1860
5270
7664
2594
3588
5508
7378
7535
8426
1968
1407
2400
3822
5577
8651
7459
6675
2919
8504
9011
7515
6561
7592
9976
 995
 781
1803
6245
5166
8337
3361
9113
2300
4763
7964
 539
  77
1750
2757
5430
7825
3896
8567
2215
3102
1297
2285
9657
9343
 471
6125
4526
3458
3026
6765
4908
6915
7773
3254
8305
  91
5510
8047
4814
 546
4336
1343
6434
2504
5738
6612
7142
3163
2432
5528
9762
8641
6439
7635
7854
3540
1751
3419
 198
3378
5108
5502
4996
5685
8075
1260
7023
6683
2287
4651
4618
8757
9801
1355
 831
 882
9414
9062
7864
2806
8199
5246
4704
9235
7862
9095
2887
3270
9146
8408
 709
7191
4136
4628
7771
5983
5178
1943
 571
1117
9092
6654
 188
6820
3964
4564
7853
4687
1538
2209
 145
4679
4866
6273
5542
8985
5546
6003
1170
 160
1579
9937
3695
7959
8721
 474
4951
3499
9886
7431
8980
7390
8264
3023
7446
 647
5448
8182
1374
4127
2039
3062
9879
1275
4393
5016
6734
2089
 189
7753
8953
9767
7724
4609
7433
1984
5786
1006
 263
9472
5611
3902
 628
7279
 580
7566
4215
 393
5147
7513
3150
 173
4650
6718
9360
2280
6499
9020
1056
3343
 110
4437
3131
2481
1974
5372
9479
6375
2168
9889
6729
7308
 388
8889
2514
8868
5965
3142
6102
7456
1915
7750
5329
 499
2073
8771
1363
7920
6404
4536
7175
9091
4456
8976
7124
8095
7092
9211
 240
2500
4450
8709
2510
8579
8018
2175
 358
6796
6441
2742
4765
8135
8473
7701
8736
9290
5726
5951
6611
6667
 780
4970
8296
7934
6922
6623
1294
   9
2112
3315
6894
8611
7047
5408
4081
9529
9933
7387
9418
 796
5643
9346
9357
8729
9051
2084
9632
3349
9338
4326
 398
6092
5807
9838
7226
1391
4071
3957
9157
7032
9491
2802
4978
9076
7726
9952
3373
 867
2565
5230
5771
6943
7411
2135
4639
9938
7223
2647
 440
9367
8043
 745
3973
5306
9982
1657
9074
2522
9335
2222
5362
1757
1610
8772
8677
9118
8422
7399
8620
9831
 760
1041
2030
6760
5668
6736
6928
2208
4079
2814
8335
4029
5105
2890
 851
4046
5938
9379
 336
5493
5008
3446
8097
6488
9602
 787
2591
 649
2313
4940
1889
6784
2831
6647
8404
5605
8550
2555
2558
7826
5317
3119
4716
 183
9352
7604
5745
9609
5571
1353
9443
9729
7800
1557
5354
8230
7946
1957
2498
5087
 286
 204
8635
2472
6538
5891
1975
4049
8109
8566
8982
9264
6558
6204
 678
 740
4132
5701
5812
5604
5961
5996
5323
 592
 928
4999
4300
3256
  75
5857
7711
8543
4749
8581
 389
 808
9025
5435
5264
6839
9617
5210
1749
1821
4967
8322
5238
2442
9992
6544
4675
9424
4604
 555
2858
7369
7130
4458
6798
7626
 311
9861
1163
7871
1123
4130
1019
 540
7424
4777
4044
3320
4933
3805
5638
7690
4852
7297
7290
4929
4981
6609
6578
7893
6625
1876
6406
2354
5694
4511
8614
9260
5342
8673
 966
9865
7562
3434
4656
2537
 441
 883
2239
1707
5695
2170
 610
4747
2025
6885
6157
3360
4192
8639
9922
3232
7301
1543
6213
2856
9390
3261
5247
4784
2299
5154
7120
8329
5469
4816
8731
9096
2035
3781
1722
 425
1767
5082
  67
8062
7688
7567
6052
5218
9362
3138
9689
 710
4424
7359
6532
7234
7908
4303
3779
8466
8358
5045
3015
5849
6764
9144
5603
 430
2179
1211
6934
7285
7166
7652
9813
1426
8271
5006
9833
6188
6159
1322
4381
3480
9685
7463
9430
4066
4770
4877
1317
8166
2939
5724
2604
8099
3600
7837
5749
8974
6041
4045
 639
7737
1852
1631
3829
6089
3933
4222
4374
9722
9358
7597
6838
